# lon lat uLOS sigLOS losE losN losU
84.13625000 27.05375000 -0.05958992 0.01161300 0.73900000 -0.12437000 0.66212000
84.12792000 27.21125000 -0.05568665 0.01380844 0.74118000 -0.12437000 0.65968000
84.38292000 27.21125000 -0.06160485 0.01472912 0.72619000 -0.12334000 0.67634000
84.38458000 27.01625000 -0.07784390 0.01094900 0.72382000 -0.12330000 0.67888000
84.63792000 27.00791700 -0.09009617 0.01171693 0.70771000 -0.12202000 0.69589000
84.63792000 27.21125000 -0.06844031 0.01393545 0.71026000 -0.12208000 0.69328000
84.89292000 27.21041700 -0.08085709 0.01504294 0.69334000 -0.12058000 0.71045000
84.89292000 27.00791700 -0.10629575 0.01163228 0.69060000 -0.12045000 0.71314000
84.12792000 27.41458300 -0.00800075 0.03674241 0.74340000 -0.12433000 0.65719000
84.14042000 27.61791700 0.08950057 0.03008517 0.74482000 -0.12423000 0.65560000
84.38292000 27.61791700 0.06525792 0.03202298 0.73086000 -0.12333000 0.67129000
84.38292000 27.41458300 -0.03180325 0.03667282 0.72866000 -0.12335000 0.67368000
84.17042000 27.80458300 0.11697189 0.01308522 0.74539000 -0.12411000 0.65497000
84.20625000 27.99791700 0.11063315 0.01029176 0.74545000 -0.12393000 0.65494000
84.38292000 28.02458300 0.07252736 0.02152374 0.73554000 -0.12329000 0.66617000
84.38292000 27.82125000 0.09609692 0.01889716 0.73361000 -0.12337000 0.66827000
84.63792000 27.82125000 0.00651303 0.03583155 0.71803000 -0.12225000 0.68519000
84.63792000 28.02458300 0.02882353 0.02828704 0.72061000 -0.12230000 0.68247000
84.78208000 27.93625000 0.10497064 0.02796997 0.71045000 -0.12158000 0.69317000
84.78208000 27.96125000 0.19088345 0.03351031 0.71056000 -0.12155000 0.69305000
84.81375000 27.96125000 0.27292358 0.02832776 0.70865000 -0.12141000 0.69503000
84.81375000 27.93625000 0.17529083 0.04251424 0.70838000 -0.12142000 0.69531000
84.79792000 27.99958300 0.30169693 0.06308643 0.70990000 -0.12147000 0.69375000
84.86125000 27.99958300 0.37181586 0.01893299 0.70589000 -0.12115000 0.69789000
84.86125000 27.94875000 0.34663608 0.05295263 0.70560000 -0.12119000 0.69817000
84.79792000 28.05041700 0.29275079 0.03844140 0.71071000 -0.12150000 0.69291000
84.79792000 28.10041700 0.18445087 0.03712546 0.71157000 -0.12156000 0.69201000
84.86125000 28.10041700 0.14337244 0.05295785 0.70760000 -0.12126000 0.69613000
84.86125000 28.05041700 0.26940030 0.06664326 0.70687000 -0.12122000 0.69688000
84.90958000 28.03791700 0.17746143 0.04096055 0.70336000 -0.12092000 0.70048000
84.90958000 28.06291700 0.07622698 0.05323776 0.70389000 -0.12096000 0.69994000
84.94125000 28.06291700 -0.00813657 0.02840253 0.70206000 -0.12083000 0.70179000
84.94125000 28.03791700 0.08470401 0.03925324 0.70144000 -0.12077000 0.70242000
84.92542000 28.10041700 0.01428784 0.05731379 0.70397000 -0.12098000 0.69985000
84.98875000 28.09958300 -0.17859885 0.08305545 0.69962000 -0.12061000 0.70426000
84.97292000 28.03708300 -0.00130608 0.05601971 0.69913000 -0.12056000 0.70476000
84.97292000 28.06291700 -0.08022433 0.04363042 0.69971000 -0.12060000 0.70418000
85.00458000 28.06291700 -0.22191884 0.09075195 0.69787000 -0.12047000 0.70602000
85.00458000 28.03791700 -0.07380531 0.07743787 0.69733000 -0.12043000 0.70656000
84.92542000 27.94875000 0.40471991 0.02237979 0.70126000 -0.12082000 0.70260000
84.92542000 27.99958300 0.29929559 0.06886997 0.70176000 -0.12081000 0.70210000
84.97292000 27.98708300 0.24171292 0.04766366 0.69887000 -0.12060000 0.70501000
84.97292000 28.01208300 0.12912906 0.05786752 0.69922000 -0.12061000 0.70465000
85.00458000 28.01208300 0.08151836 0.05201453 0.69715000 -0.12045000 0.70673000
85.00458000 27.98708300 0.20593121 0.05431667 0.69697000 -0.12045000 0.70691000
84.98958000 27.94875000 0.42581470 0.03464157 0.69696000 -0.12045000 0.70692000
84.82958000 27.77041700 -0.01048709 0.01746803 0.70507000 -0.12124000 0.69870000
84.79792000 27.84708300 -0.02031050 0.01303156 0.70843000 -0.12148000 0.69525000
84.79792000 27.89791700 0.03844309 0.04475549 0.70907000 -0.12150000 0.69459000
84.84542000 27.88541700 0.11372864 0.04387965 0.70562000 -0.12122000 0.69814000
84.84542000 27.91041700 0.19326161 0.03395579 0.70596000 -0.12123000 0.69780000
84.87708000 27.91041700 0.28169904 0.04287941 0.70381000 -0.12105000 0.70000000
84.87708000 27.88541700 0.18765956 0.03969753 0.70338000 -0.12102000 0.70043000
84.86125000 27.84708300 0.02804332 0.04553570 0.70411000 -0.12112000 0.69969000
84.90958000 27.83458300 0.11469875 0.03961462 0.70078000 -0.12084000 0.70307000
84.90958000 27.85958300 0.17880247 0.03637679 0.70134000 -0.12090000 0.70250000
84.94125000 27.85958300 0.27781641 0.04075607 0.69920000 -0.12072000 0.70466000
84.94125000 27.83458300 0.22258897 0.04629096 0.69867000 -0.12065000 0.70520000
84.92542000 27.89791700 0.34231921 0.04894200 0.70060000 -0.12080000 0.70326000
84.98875000 27.89791700 0.45232083 0.03372033 0.69641000 -0.12043000 0.70747000
84.97292000 27.83458300 0.34302741 0.04735695 0.69676000 -0.12051000 0.70711000
84.97292000 27.85958300 0.38253638 0.03590544 0.69709000 -0.12053000 0.70678000
85.00458000 27.85958300 0.47993390 0.03514661 0.69467000 -0.12029000 0.70920000
85.00458000 27.83458300 0.46536035 0.05171512 0.69437000 -0.12028000 0.70950000
84.92542000 27.74541700 0.04689011 0.03942852 0.69860000 -0.12071000 0.70526000
84.92542000 27.79625000 0.13676340 0.06795988 0.69899000 -0.12069000 0.70487000
84.97292000 27.78375000 0.27722720 0.03784753 0.69587000 -0.12045000 0.70799000
84.97292000 27.80875000 0.31346903 0.04361334 0.69599000 -0.12042000 0.70788000
85.00458000 27.80875000 0.45608997 0.05359647 0.69383000 -0.12024000 0.71003000
85.00458000 27.78375000 0.39086404 0.06093460 0.69368000 -0.12026000 0.71018000
84.97292000 27.73291700 0.07160239 0.02904082 0.69568000 -0.12051000 0.70817000
84.97292000 27.75791700 0.18446225 0.06426453 0.69557000 -0.12045000 0.70829000
85.00458000 27.75791700 0.28077838 0.05145659 0.69333000 -0.12022000 0.71052000
85.00458000 27.73291700 0.15803027 0.03222693 0.69342000 -0.12031000 0.71041000
84.63792000 27.41458300 -0.06812323 0.01986551 0.71295000 -0.12214000 0.69049000
84.63792000 27.61791700 -0.00169823 0.02676261 0.71529000 -0.12218000 0.68806000
84.89292000 27.61791700 -0.02544073 0.02398471 0.69908000 -0.12085000 0.70476000
84.89292000 27.41458300 -0.06932069 0.01959396 0.69626000 -0.12073000 0.70757000
85.14875000 27.41458300 -0.04577597 0.01964839 0.67866000 -0.11906000 0.72474000
85.08458000 27.56708300 -0.01470172 0.02135528 0.68587000 -0.11973000 0.71781000
85.05292000 27.64375000 0.02270369 0.02128344 0.68917000 -0.11999000 0.71459000
85.05292000 27.69458300 0.14468405 0.05186069 0.68941000 -0.11994000 0.71437000
85.11708000 27.69458300 0.23106412 0.06873880 0.68555000 -0.11963000 0.71812000
85.11708000 27.64375000 0.08322053 0.04863543 0.68455000 -0.11954000 0.71910000
85.18125000 27.64375000 0.15328075 0.01775072 0.68018000 -0.11913000 0.72331000
85.16542000 27.68208300 0.22478433 0.05276923 0.68191000 -0.11929000 0.72164000
85.16542000 27.70708300 0.38524579 0.04862286 0.68167000 -0.11920000 0.72189000
85.19708000 27.70708300 0.45287790 0.04123442 0.67950000 -0.11899000 0.72396000
85.19708000 27.68208300 0.28261572 0.06421370 0.67949000 -0.11903000 0.72396000
85.22875000 27.68208300 0.40879413 0.06212695 0.67697000 -0.11877000 0.72636000
85.22875000 27.70708300 0.51938672 0.05574671 0.67732000 -0.11878000 0.72604000
85.26042000 27.70708300 0.58615527 0.05578218 0.67497000 -0.11856000 0.72826000
85.26042000 27.68208300 0.45701691 0.03380458 0.67460000 -0.11854000 0.72860000
85.24458000 27.64375000 0.16291791 0.05243311 0.67566000 -0.11869000 0.72760000
85.21292000 27.56708300 0.02596050 0.04881694 0.67650000 -0.11879000 0.72680000
85.30875000 27.54208300 0.03700864 0.02403527 0.66949000 -0.11814000 0.73336000
85.30875000 27.59291700 0.13999426 0.04972401 0.66984000 -0.11812000 0.73305000
85.37208000 27.59291700 0.18974443 0.06182682 0.66522000 -0.11764000 0.73732000
85.37208000 27.54208300 0.08423655 0.02669682 0.66468000 -0.11763000 0.73781000
85.29292000 27.63125000 0.20841956 0.04180870 0.67145000 -0.11824000 0.73156000
85.29292000 27.65625000 0.36441333 0.05523408 0.67182000 -0.11826000 0.73122000
85.32458000 27.65625000 0.39015656 0.04000868 0.66952000 -0.11803000 0.73335000
85.32458000 27.63125000 0.27865710 0.04528950 0.66918000 -0.11802000 0.73367000
85.29292000 27.68208300 0.48253842 0.05514642 0.67221000 -0.11830000 0.73085000
85.29292000 27.70708300 0.63086572 0.07411089 0.67258000 -0.11831000 0.73051000
85.32458000 27.70708300 0.66129376 0.02948993 0.67025000 -0.11808000 0.73268000
85.32458000 27.68208300 0.53983496 0.04640141 0.66988000 -0.11805000 0.73303000
85.35625000 27.68208300 0.58114972 0.06810193 0.66753000 -0.11782000 0.73520000
85.35625000 27.70708300 0.73337781 0.06254552 0.66793000 -0.11784000 0.73484000
85.38792000 27.70708300 0.81203699 0.05764408 0.66557000 -0.11760000 0.73701000
85.38792000 27.68208300 0.63933447 0.05733329 0.66519000 -0.11758000 0.73735000
85.35625000 27.63125000 0.33251614 0.04578813 0.66682000 -0.11778000 0.73586000
85.35625000 27.65625000 0.44538556 0.03396289 0.66716000 -0.11780000 0.73554000
85.38792000 27.65625000 0.50270544 0.05248542 0.66481000 -0.11755000 0.73770000
85.38792000 27.63125000 0.36992328 0.05253171 0.66448000 -0.11753000 0.73801000
85.42042000 27.63125000 0.39967648 0.05099979 0.66210000 -0.11729000 0.74018000
85.42042000 27.65625000 0.53971497 0.05630685 0.66241000 -0.11730000 0.73990000
85.45208000 27.65625000 0.57422595 0.07482133 0.65997000 -0.11704000 0.74212000
85.45208000 27.63125000 0.41929642 0.05411525 0.65986000 -0.11707000 0.74221000
85.42042000 27.68208300 0.72475104 0.06591589 0.66274000 -0.11732000 0.73960000
85.42042000 27.70708300 0.86412085 0.04359578 0.66314000 -0.11735000 0.73924000
85.45208000 27.70708300 0.90056653 0.04412298 0.66085000 -0.11712000 0.74133000
85.45208000 27.68208300 0.77636548 0.05466435 0.66035000 -0.11708000 0.74178000
85.48375000 27.68208300 0.80350977 0.04980255 0.65798000 -0.11681000 0.74392000
85.48375000 27.70708300 0.91964746 0.03857530 0.65846000 -0.11686000 0.74349000
85.51542000 27.70708300 0.97018225 0.02394949 0.65620000 -0.11664000 0.74552000
85.51542000 27.68208300 0.83336829 0.04747413 0.65582000 -0.11661000 0.74585000
85.48375000 27.63125000 0.44907477 0.05093391 0.65730000 -0.11678000 0.74453000
85.48375000 27.65625000 0.62371240 0.08468659 0.65758000 -0.11678000 0.74428000
85.51542000 27.65625000 0.66824817 0.07416943 0.65518000 -0.11654000 0.74643000
85.51542000 27.63125000 0.51103909 0.05367793 0.65479000 -0.11651000 0.74678000
85.43625000 27.54208300 0.09495618 0.03286162 0.66032000 -0.11721000 0.74178000
85.42042000 27.58041700 0.16235649 0.04969410 0.66163000 -0.11729000 0.74060000
85.42042000 27.60541700 0.27175778 0.04407355 0.66185000 -0.11729000 0.74041000
85.45208000 27.60541700 0.29151166 0.04148060 0.65943000 -0.11703000 0.74260000
85.45208000 27.58041700 0.18577115 0.03851544 0.65918000 -0.11703000 0.74282000
85.48375000 27.58041700 0.20602521 0.03663081 0.65658000 -0.11673000 0.74517000
85.48375000 27.60541700 0.32464435 0.03552979 0.65696000 -0.11675000 0.74483000
85.51542000 27.60541700 0.37180631 0.05014350 0.65451000 -0.11650000 0.74703000
85.51542000 27.58041700 0.25715356 0.03202277 0.65401000 -0.11645000 0.74747000
85.49958000 27.54208300 0.13053029 0.05425798 0.65480000 -0.11656000 0.74676000
85.40375000 27.41458300 -0.01395619 0.02492604 0.65962000 -0.11709000 0.74242000
85.03708000 27.73291700 0.26914887 0.04874017 0.69101000 -0.12007000 0.71280000
85.03708000 27.75791700 0.37414529 0.04986813 0.69102000 -0.12002000 0.71280000
85.06875000 27.75791700 0.47606369 0.05082500 0.68888000 -0.11983000 0.71491000
85.06875000 27.73291700 0.34027338 0.04696478 0.68867000 -0.11985000 0.71511000
85.05292000 27.79625000 0.57819092 0.06981161 0.69044000 -0.11995000 0.71337000
85.11708000 27.79625000 0.70071118 0.03393973 0.68655000 -0.11962000 0.71718000
85.10125000 27.73291700 0.42109219 0.04501155 0.68650000 -0.11965000 0.71722000
85.10125000 27.75791700 0.53112067 0.03606305 0.68685000 -0.11967000 0.71688000
85.13292000 27.75708300 0.63452228 0.05156789 0.68453000 -0.11943000 0.71914000
85.13292000 27.73291700 0.47051562 0.06894069 0.68413000 -0.11941000 0.71952000
85.05292000 27.84708300 0.60871668 0.06184842 0.69107000 -0.11995000 0.71276000
85.05208000 27.89791700 0.51609894 0.02789046 0.69202000 -0.12003000 0.71183000
85.11708000 27.89791700 0.59128870 0.06925193 0.68750000 -0.11961000 0.71627000
85.11708000 27.84625000 0.73111151 0.01958838 0.68680000 -0.11959000 0.71694000
85.18125000 27.84708300 0.72038141 0.03079992 0.68233000 -0.11915000 0.72127000
85.18125000 27.89791700 0.57793689 0.06087094 0.68282000 -0.11917000 0.72080000
85.24458000 27.89791700 0.51677081 0.06611769 0.67844000 -0.11876000 0.72499000
85.24458000 27.84708300 0.68530072 0.06139479 0.67810000 -0.11877000 0.72531000
85.16542000 27.73291700 0.53639673 0.05527849 0.68185000 -0.11920000 0.72171000
85.16542000 27.75791700 0.67908600 0.05101866 0.68239000 -0.11925000 0.72120000
85.19708000 27.75791700 0.73709583 0.04476854 0.68018000 -0.11903000 0.72331000
85.19708000 27.73291700 0.60551782 0.04444006 0.67974000 -0.11900000 0.72373000
85.18125000 27.79625000 0.75918445 0.02686117 0.68181000 -0.11916000 0.72176000
85.24458000 27.79625000 0.83201416 0.06151632 0.67748000 -0.11877000 0.72589000
85.22875000 27.73291700 0.64797595 0.02711884 0.67765000 -0.11881000 0.72573000
85.22958000 27.75791700 0.78165442 0.05686210 0.67797000 -0.11882000 0.72542000
85.26042000 27.75791700 0.83828345 0.04839877 0.67583000 -0.11863000 0.72745000
85.26042000 27.73291700 0.69182483 0.03907269 0.67545000 -0.11859000 0.72780000
85.03708000 27.93625000 0.43949048 0.01544557 0.69399000 -0.12022000 0.70987000
85.03708000 27.96125000 0.32791065 0.05038391 0.69431000 -0.12024000 0.70956000
85.06875000 27.96125000 0.31636945 0.04010985 0.69209000 -0.12003000 0.71176000
85.06875000 27.93625000 0.45543878 0.01981555 0.69158000 -0.11997000 0.71227000
85.03708000 27.98708300 0.18057796 0.05928176 0.69482000 -0.12028000 0.70906000
85.03708000 28.01208300 -0.04117517 0.07841472 0.69507000 -0.12028000 0.70881000
85.06875000 28.01208300 -0.03188494 0.05927589 0.69297000 -0.12008000 0.71090000
85.06875000 27.98708300 0.14584851 0.06159138 0.69269000 -0.12008000 0.71117000
85.10125000 27.98708300 0.13576024 0.07181990 0.69013000 -0.11982000 0.71369000
85.10125000 28.01208300 -0.07566641 0.09709302 0.69037000 -0.11981000 0.71347000
85.13292000 28.01208300 -0.19249861 0.08827608 0.68849000 -0.11968000 0.71530000
85.13292000 27.98708300 0.12261240 0.07488013 0.68771000 -0.11958000 0.71607000
85.10125000 27.93625000 0.47160855 0.03733696 0.68906000 -0.11974000 0.71475000
85.10125000 27.96125000 0.30855066 0.07149724 0.68960000 -0.11978000 0.71421000
85.13292000 27.96125000 0.29591650 0.06440736 0.68740000 -0.11958000 0.71636000
85.13292000 27.93625000 0.46217801 0.06087243 0.68687000 -0.11953000 0.71689000
85.03708000 28.03791700 -0.14154880 0.04171681 0.69522000 -0.12025000 0.70867000
85.03708000 28.06291700 -0.27801758 0.05221972 0.69607000 -0.12034000 0.70782000
85.06875000 28.06291700 -0.35155557 0.04585995 0.69411000 -0.12020000 0.70977000
85.06792000 28.03791700 -0.21009776 0.06048314 0.69362000 -0.12014000 0.71026000
85.05292000 28.10041700 -0.43237964 0.06798067 0.69555000 -0.12028000 0.70834000
85.11708000 28.10041700 -0.52341345 0.03775052 0.69191000 -0.12001000 0.71194000
85.10125000 28.03791700 -0.28485001 0.05879648 0.69096000 -0.11988000 0.71288000
85.10125000 28.06291700 -0.42397638 0.04531366 0.69182000 -0.11998000 0.71203000
85.13292000 28.06291700 -0.50130585 0.03850777 0.68980000 -0.11981000 0.71402000
85.13292000 28.03791700 -0.35237152 0.06549878 0.68960000 -0.11982000 0.71421000
85.21292000 28.07625000 -0.58494427 0.06083176 0.68330000 -0.11911000 0.72036000
85.16542000 27.93625000 0.45571680 0.05578494 0.68452000 -0.11931000 0.71917000
85.16542000 27.96125000 0.29344473 0.07016449 0.68490000 -0.11933000 0.71880000
85.19708000 27.96125000 0.26060928 0.06241272 0.68297000 -0.11916000 0.72066000
85.19708000 27.93625000 0.41105426 0.04102813 0.68248000 -0.11912000 0.72114000
85.16542000 27.98708300 0.07210123 0.09404201 0.68535000 -0.11936000 0.71837000
85.16542000 28.01208300 -0.16515195 0.07562524 0.68590000 -0.11941000 0.71783000
85.19792000 28.01208300 -0.23143256 0.10698013 0.68368000 -0.11921000 0.71998000
85.19708000 27.98708300 0.00641330 0.11369158 0.68331000 -0.11917000 0.72034000
85.22875000 27.98708300 -0.00782372 0.09565421 0.68109000 -0.11896000 0.72247000
85.22875000 28.01208300 -0.29619244 0.06954892 0.68207000 -0.11909000 0.72152000
85.26042000 28.01208300 -0.24150388 0.08353146 0.67930000 -0.11880000 0.72418000
85.26042000 27.98708300 -0.03469632 0.06446994 0.67884000 -0.11876000 0.72461000
85.22875000 27.93625000 0.35899207 0.05485601 0.68030000 -0.11893000 0.72322000
85.22875000 27.96125000 0.20887827 0.05546120 0.68088000 -0.11899000 0.72266000
85.26042000 27.96125000 0.15541817 0.05628392 0.67857000 -0.11876000 0.72487000
85.26042000 27.93625000 0.30936984 0.05277029 0.67784000 -0.11866000 0.72557000
85.29292000 27.93625000 0.26305017 0.05291843 0.67569000 -0.11848000 0.72760000
85.29292000 27.96125000 0.11628917 0.06940730 0.67626000 -0.11854000 0.72706000
85.32458000 27.96125000 0.07328490 0.05774521 0.67391000 -0.11830000 0.72929000
85.32458000 27.93625000 0.22401517 0.06144949 0.67343000 -0.11826000 0.72973000
85.29292000 27.98708300 -0.08837566 0.06527652 0.67700000 -0.11862000 0.72636000
85.29292000 28.01208300 -0.29175619 0.07795143 0.67716000 -0.11860000 0.72621000
85.32458000 28.01208300 -0.34134302 0.06746406 0.67536000 -0.11847000 0.72791000
85.32458000 27.98708300 -0.14576143 0.07652438 0.67509000 -0.11845000 0.72816000
85.35625000 27.98708300 -0.16650229 0.07613418 0.67236000 -0.11816000 0.73073000
85.35625000 28.01208300 -0.40954211 0.08629855 0.67344000 -0.11830000 0.72971000
85.38792000 28.01208300 -0.46050098 0.05358532 0.67095000 -0.11804000 0.73204000
85.38792000 27.98708300 -0.25505336 0.06183300 0.67029000 -0.11797000 0.73266000
85.35625000 27.93625000 0.16884274 0.06394868 0.67127000 -0.11805000 0.73175000
85.35625000 27.96125000 0.00835333 0.06213248 0.67192000 -0.11811000 0.73114000
85.38792000 27.96125000 -0.05644149 0.07518298 0.66932000 -0.11785000 0.73356000
85.38792000 27.93625000 0.11759273 0.06612386 0.66873000 -0.11779000 0.73411000
85.29292000 28.03791700 -0.49229346 0.06517550 0.67791000 -0.11870000 0.72550000
85.29292000 28.06291700 -0.60651196 0.03644325 0.67891000 -0.11883000 0.72454000
85.32458000 28.06291700 -0.63635034 0.03491730 0.67628000 -0.11854000 0.72705000
85.32375000 28.03708300 -0.51508392 0.05848664 0.67552000 -0.11845000 0.72776000
85.30875000 28.10041700 -0.68822510 0.02943840 0.67752000 -0.11860000 0.72588000
85.37208000 28.09958300 -0.72092883 0.02048817 0.67380000 -0.11831000 0.72938000
85.37208000 28.05041700 -0.62341791 0.05996395 0.67318000 -0.11829000 0.72995000
85.46792000 28.07541700 -0.65355231 0.04985250 0.66678000 -0.11765000 0.73591000
85.42042000 27.93625000 0.03845367 0.07759050 0.66674000 -0.11760000 0.73595000
85.42042000 27.96125000 -0.12623918 0.06397379 0.66701000 -0.11760000 0.73571000
85.45208000 27.96125000 -0.20357953 0.04780051 0.66539000 -0.11751000 0.73719000
85.45208000 27.93625000 -0.03150524 0.08728033 0.66447000 -0.11739000 0.73804000
85.42042000 27.98708300 -0.32387662 0.06190919 0.66802000 -0.11775000 0.73477000
85.42042000 28.01208300 -0.50027814 0.06339167 0.66838000 -0.11778000 0.73444000
85.45208000 28.01208300 -0.50686822 0.04904315 0.66579000 -0.11749000 0.73684000
85.45208000 27.98708300 -0.34867090 0.06849065 0.66519000 -0.11743000 0.73738000
85.48375000 27.98708300 -0.39545938 0.05412213 0.66368000 -0.11732000 0.73876000
85.48375000 28.01208300 -0.52774091 0.05884249 0.66394000 -0.11735000 0.73852000
85.51542000 28.01208300 -0.46891757 0.03038950 0.66134000 -0.11706000 0.74090000
85.51542000 27.98625000 -0.36008533 0.04139914 0.66061000 -0.11697000 0.74156000
85.48375000 27.93625000 -0.09260475 0.06044651 0.66246000 -0.11720000 0.73987000
85.48375000 27.96125000 -0.23698099 0.05543701 0.66316000 -0.11728000 0.73923000
85.51542000 27.96125000 -0.25283432 0.03718007 0.66040000 -0.11697000 0.74175000
85.51542000 27.93625000 -0.15887994 0.06241423 0.65959000 -0.11688000 0.74248000
85.29292000 27.73291700 0.76189111 0.04035494 0.67295000 -0.11833000 0.73016000
85.29292000 27.75791700 0.88701422 0.02539201 0.67331000 -0.11837000 0.72983000
85.32458000 27.75791700 0.91988049 0.02339922 0.67100000 -0.11811000 0.73199000
85.32458000 27.73291700 0.82588617 0.04791102 0.67064000 -0.11809000 0.73232000
85.30875000 27.79625000 0.88091754 0.05785895 0.67291000 -0.11831000 0.73020000
85.35625000 27.78375000 0.94722852 0.02247368 0.66912000 -0.11794000 0.73374000
85.35625000 27.80875000 0.82648614 0.03182446 0.66996000 -0.11803000 0.73296000
85.38792000 27.80875000 0.83921790 0.04847903 0.66782000 -0.11783000 0.73494000
85.38792000 27.78375000 0.94899335 0.03046909 0.66723000 -0.11777000 0.73548000
85.37208000 27.74541700 0.95266772 0.04903808 0.66737000 -0.11777000 0.73535000
85.30875000 27.84708300 0.67907440 0.04571951 0.67318000 -0.11827000 0.72996000
85.29292000 27.88541700 0.50207904 0.06687447 0.67495000 -0.11844000 0.72830000
85.29292000 27.91041700 0.41157752 0.02656518 0.67513000 -0.11842000 0.72813000
85.32458000 27.91041700 0.35649966 0.04095363 0.67291000 -0.11821000 0.73022000
85.32458000 27.88541700 0.47266574 0.06745071 0.67295000 -0.11827000 0.73017000
85.35625000 27.88541700 0.44639920 0.08102364 0.67068000 -0.11803000 0.73229000
85.35625000 27.91041700 0.30711404 0.04381966 0.67082000 -0.11801000 0.73217000
85.38792000 27.91041700 0.25847668 0.03821907 0.66859000 -0.11780000 0.73424000
85.38792000 27.88541700 0.41360638 0.07116124 0.66837000 -0.11779000 0.73444000
85.35625000 27.83458300 0.72161499 0.04845872 0.66998000 -0.11799000 0.73295000
85.35625000 27.85958300 0.62054248 0.02874646 0.66988000 -0.11792000 0.73304000
85.38792000 27.85958300 0.60296588 0.04229760 0.66758000 -0.11771000 0.73518000
85.38792000 27.83458300 0.72345843 0.04718827 0.66770000 -0.11776000 0.73506000
85.42042000 27.83458300 0.73559137 0.05589078 0.66517000 -0.11751000 0.73739000
85.42042000 27.85958300 0.58771417 0.06620402 0.66552000 -0.11753000 0.73707000
85.45208000 27.85958300 0.56052948 0.06901982 0.66336000 -0.11732000 0.73905000
85.45208000 27.83458300 0.73353503 0.06405477 0.66307000 -0.11731000 0.73931000
85.42042000 27.88541700 0.38823569 0.07086676 0.66602000 -0.11756000 0.73661000
85.42042000 27.90958300 0.22344286 0.05125339 0.66611000 -0.11755000 0.73653000
85.45208000 27.91041700 0.16272955 0.07977008 0.66390000 -0.11733000 0.73856000
85.45208000 27.88541700 0.33872256 0.07125151 0.66394000 -0.11738000 0.73852000
85.48375000 27.88541700 0.27248019 0.07697510 0.66146000 -0.11711000 0.74078000
85.48375000 27.91041700 0.06491273 0.05610757 0.66202000 -0.11717000 0.74028000
85.51542000 27.91041700 -0.01211329 0.04737333 0.65929000 -0.11686000 0.74275000
85.51542000 27.88541700 0.18890701 0.10034880 0.65860000 -0.11678000 0.74337000
85.48375000 27.83458300 0.72468854 0.09000239 0.66036000 -0.11699000 0.74178000
85.48375000 27.85958300 0.53037152 0.08744403 0.66082000 -0.11703000 0.74137000
85.51542000 27.85958300 0.42318280 0.08839213 0.65823000 -0.11675000 0.74371000
85.51542000 27.83458300 0.66482373 0.08822968 0.65821000 -0.11678000 0.74372000
85.46792000 27.77041700 0.99690185 0.06029931 0.66099000 -0.11712000 0.74120000
85.56375000 27.74541700 1.07361414 0.01743922 0.65249000 -0.11617000 0.74884000
85.54792000 27.78375000 1.00175238 0.05367040 0.65432000 -0.11636000 0.74721000
85.54792000 27.80875000 0.83739984 0.07884767 0.65492000 -0.11641000 0.74668000
85.57958000 27.80875000 0.76809473 0.09616074 0.65220000 -0.11610000 0.74910000
85.57958000 27.78375000 0.96243042 0.06385849 0.65181000 -0.11607000 0.74945000
85.61125000 27.78375000 0.88466925 0.08954089 0.64961000 -0.11586000 0.75138000
85.61125000 27.80875000 0.66154126 0.07726335 0.65008000 -0.11589000 0.75097000
85.64292000 27.80875000 0.60056103 0.08492128 0.64763000 -0.11564000 0.75313000
85.64292000 27.78375000 0.81534253 0.06651404 0.64695000 -0.11556000 0.75372000
85.62708000 27.74541700 1.07587207 0.06731181 0.64748000 -0.11561000 0.75327000
85.54792000 27.83458300 0.59651111 0.10008376 0.65533000 -0.11645000 0.74631000
85.54792000 27.85958300 0.30317047 0.10208057 0.65555000 -0.11645000 0.74612000
85.57958000 27.85958300 0.24422981 0.09787910 0.65320000 -0.11621000 0.74821000
85.57958000 27.83541700 0.48150018 0.09651194 0.65264000 -0.11615000 0.74871000
85.54792000 27.88541700 0.03626354 0.10694679 0.65607000 -0.11650000 0.74566000
85.54792000 27.91041700 -0.12039236 0.05829861 0.65634000 -0.11651000 0.74542000
85.57958000 27.91041700 -0.22647821 0.05809706 0.65461000 -0.11637000 0.74696000
85.57958000 27.88541700 -0.00810483 0.08262299 0.65392000 -0.11630000 0.74757000
85.61125000 27.88541700 -0.04292304 0.06518129 0.65105000 -0.11595000 0.75013000
85.61125000 27.91041700 -0.21342818 0.04475208 0.65177000 -0.11605000 0.74948000
85.64292000 27.90958300 -0.20299866 0.04248830 0.64914000 -0.11574000 0.75181000
85.64292000 27.88541700 -0.06872585 0.07752058 0.64886000 -0.11573000 0.75206000
85.61125000 27.83458300 0.41882227 0.09401192 0.65067000 -0.11597000 0.75045000
85.61125000 27.85958300 0.18626738 0.09259341 0.65075000 -0.11593000 0.75039000
85.64292000 27.85958300 0.10484825 0.05866885 0.64881000 -0.11575000 0.75210000
85.64292000 27.83458300 0.36122852 0.11105296 0.64824000 -0.11571000 0.75259000
85.67542000 27.83458300 0.32300299 0.08759451 0.64536000 -0.11537000 0.75511000
85.67542000 27.85958300 0.10748843 0.08721480 0.64628000 -0.11549000 0.75431000
85.70708000 27.85958300 0.16763664 0.05156520 0.64360000 -0.11518000 0.75664000
85.70708000 27.83458300 0.30574786 0.05766238 0.64327000 -0.11517000 0.75693000
85.67542000 27.88541700 -0.05428379 0.05054130 0.64669000 -0.11551000 0.75396000
85.67542000 27.91041700 -0.15838158 0.04703254 0.64699000 -0.11554000 0.75370000
85.70708000 27.91041700 -0.08146007 0.04566163 0.64530000 -0.11540000 0.75516000
85.70708000 27.88541700 0.02956215 0.04885508 0.64452000 -0.11530000 0.75584000
85.73875000 27.88541700 0.15247095 0.05342717 0.64131000 -0.11491000 0.75863000
85.73875000 27.91041700 0.07419125 0.06422334 0.64216000 -0.11500000 0.75790000
85.77042000 27.90958300 0.24211264 0.06227178 0.63886000 -0.11458000 0.76074000
85.77042000 27.88541700 0.29107025 0.02922864 0.63854000 -0.11457000 0.76101000
85.75458000 27.84708300 0.28326541 0.03016827 0.63925000 -0.11468000 0.76040000
85.67542000 27.73291700 0.96955524 0.04674504 0.64344000 -0.11518000 0.75678000
85.67542000 27.75791700 0.88751678 0.05309931 0.64382000 -0.11521000 0.75645000
85.70708000 27.75791700 0.75599628 0.06928804 0.64158000 -0.11498000 0.75839000
85.70708000 27.73291700 0.84453546 0.04384545 0.64122000 -0.11496000 0.75870000
85.67542000 27.78375000 0.71913025 0.06412825 0.64429000 -0.11525000 0.75604000
85.67542000 27.80875000 0.55130914 0.07256227 0.64486000 -0.11532000 0.75555000
85.70708000 27.80875000 0.48334824 0.07755342 0.64251000 -0.11506000 0.75759000
85.70708000 27.78375000 0.61459937 0.04000103 0.64218000 -0.11504000 0.75788000
85.73875000 27.78375000 0.51361340 0.03713290 0.63933000 -0.11470000 0.76033000
85.73875000 27.80875000 0.40555145 0.05845413 0.63988000 -0.11474000 0.75986000
85.77042000 27.80875000 0.29082379 0.03785269 0.63699000 -0.11439000 0.76234000
85.77042000 27.78375000 0.38337024 0.05178787 0.63676000 -0.11441000 0.76253000
85.73875000 27.73291700 0.74273431 0.05044621 0.63887000 -0.11469000 0.76072000
85.73875000 27.75791700 0.62662280 0.05929133 0.63909000 -0.11470000 0.76053000
85.77042000 27.75791700 0.50243838 0.06737714 0.63620000 -0.11433000 0.76301000
85.77042000 27.73291700 0.61413586 0.08003070 0.63587000 -0.11432000 0.76328000
85.56375000 27.94875000 -0.28587051 0.06170590 0.65621000 -0.11651000 0.74553000
85.56375000 27.99958300 -0.40061408 0.05052688 0.65764000 -0.11669000 0.74424000
85.62708000 27.99875000 -0.33830270 0.06818681 0.65214000 -0.11604000 0.74917000
85.62708000 27.94875000 -0.29247931 0.03537193 0.65134000 -0.11599000 0.74987000
85.56375000 28.05041700 -0.51101892 0.04691037 0.65887000 -0.11682000 0.74313000
85.56375000 28.10041700 -0.55941943 0.03062505 0.66003000 -0.11694000 0.74208000
85.62708000 28.10041700 -0.49676849 0.02146222 0.65544000 -0.11647000 0.74621000
85.62708000 28.05041700 -0.41985968 0.03697909 0.65350000 -0.11621000 0.74795000
85.69125000 28.05041700 -0.34712051 0.05245131 0.64915000 -0.11578000 0.75180000
85.69125000 28.10041700 -0.46702405 0.03568634 0.65006000 -0.11587000 0.75100000
85.75458000 28.09958300 -0.41361328 0.03826614 0.64493000 -0.11530000 0.75549000
85.73875000 28.03791700 -0.26970282 0.04411814 0.64492000 -0.11530000 0.75550000
85.73875000 28.06291700 -0.34919348 0.02634454 0.64517000 -0.11532000 0.75528000
85.77042000 28.06291700 -0.31329495 0.06170592 0.64277000 -0.11506000 0.75737000
85.77042000 28.03791700 -0.19371542 0.02647846 0.64174000 -0.11491000 0.75826000
85.69125000 27.94875000 -0.20310291 0.06435640 0.64669000 -0.11550000 0.75396000
85.69125000 27.99958300 -0.22346225 0.04196956 0.64751000 -0.11556000 0.75324000
85.73875000 27.98708300 -0.13588472 0.03411607 0.64419000 -0.11525000 0.75613000
85.73875000 28.01208300 -0.17454967 0.02998001 0.64434000 -0.11525000 0.75600000
85.77042000 28.01375000 -0.09540922 0.03909984 0.64127000 -0.11485000 0.75867000
85.77042000 27.98625000 -0.00650320 0.04616281 0.64102000 -0.11487000 0.75888000
85.73875000 27.93625000 -0.00791311 0.07648090 0.64274000 -0.11507000 0.75740000
85.73875000 27.96125000 -0.07580910 0.05084666 0.64365000 -0.11520000 0.75660000
85.76958000 27.96041700 0.04890276 0.06658847 0.64083000 -0.11486000 0.75904000
85.76958000 27.93625000 0.15486083 0.05284157 0.63953000 -0.11467000 0.76017000
85.81875000 27.94875000 0.22273544 0.06867683 0.63630000 -0.11433000 0.76292000
85.80292000 27.98708300 0.08368243 0.03248318 0.63796000 -0.11449000 0.76151000
85.80292000 28.01208300 -0.04751978 0.06441376 0.63892000 -0.11462000 0.76069000
85.83458000 28.01208300 -0.05226907 0.04432476 0.63628000 -0.11432000 0.76294000
85.83458000 27.98708300 0.02720749 0.04592385 0.63598000 -0.11429000 0.76319000
85.88208000 27.99958300 -0.05012436 0.06205101 0.63315000 -0.11402000 0.76558000
85.86625000 27.93625000 0.21644670 0.03959360 0.63252000 -0.11393000 0.76612000
85.86625000 27.96125000 0.11037212 0.02538307 0.63344000 -0.11404000 0.76534000
85.89792000 27.96125000 0.04899971 0.03828864 0.63037000 -0.11367000 0.76793000
85.89792000 27.93625000 0.14559009 0.05662654 0.62982000 -0.11360000 0.76839000
85.80292000 28.03791700 -0.17295837 0.03053699 0.63956000 -0.11470000 0.76014000
85.80292000 28.06291700 -0.26612924 0.02458185 0.64045000 -0.11481000 0.75937000
85.83458000 28.06208300 -0.23697229 0.02975515 0.63825000 -0.11458000 0.76125000
85.83458000 28.03791700 -0.15010043 0.03687905 0.63757000 -0.11450000 0.76184000
85.81875000 28.10041700 -0.35814166 0.03678327 0.63949000 -0.11467000 0.76020000
85.88208000 28.10041700 -0.26775497 0.04586269 0.63518000 -0.11424000 0.76387000
85.88208000 28.05041700 -0.19427115 0.04910636 0.63396000 -0.11408000 0.76490000
85.97708000 28.07625000 -0.14881900 0.03459436 0.62606000 -0.11312000 0.77153000
85.97792000 27.97375000 -0.11105267 0.03619812 0.62354000 -0.11283000 0.77360000
85.80292000 27.73291700 0.44334573 0.04757794 0.63305000 -0.11399000 0.76567000
85.80292000 27.75791700 0.35881964 0.06077147 0.63362000 -0.11406000 0.76519000
85.83458000 27.75791700 0.19911607 0.04219292 0.63093000 -0.11372000 0.76746000
85.83458000 27.73291700 0.26384686 0.06875336 0.63098000 -0.11378000 0.76741000
85.80292000 27.78375000 0.23923869 0.04630621 0.63449000 -0.11417000 0.76445000
85.80292000 27.80875000 0.20563751 0.02492781 0.63465000 -0.11415000 0.76433000
85.83458000 27.80875000 0.12170785 0.04892025 0.63267000 -0.11397000 0.76599000
85.83458000 27.78375000 0.12038184 0.04287411 0.63186000 -0.11387000 0.76667000
85.88208000 27.79625000 0.02493811 0.03615675 0.62790000 -0.11339000 0.76999000
85.86625000 27.73291700 0.17124764 0.06838879 0.62838000 -0.11348000 0.76959000
85.86625000 27.75791700 0.09121262 0.04846195 0.62823000 -0.11341000 0.76972000
85.89792000 27.75791700 -0.02547134 0.04046700 0.62596000 -0.11317000 0.77160000
85.89792000 27.73291700 0.04522768 0.03223914 0.62583000 -0.11319000 0.77170000
85.81875000 27.84708300 0.24094363 0.05251552 0.63448000 -0.11416000 0.76447000
85.81875000 27.89791700 0.30393701 0.02843101 0.63556000 -0.11427000 0.76354000
85.88208000 27.89791700 0.24803697 0.04995822 0.63009000 -0.11362000 0.76816000
85.86625000 27.83458300 0.11787044 0.04300607 0.62971000 -0.11356000 0.76849000
85.86625000 27.85958300 0.19995554 0.03959257 0.63038000 -0.11365000 0.76792000
85.89792000 27.85958300 0.06027185 0.04181696 0.62799000 -0.11338000 0.76992000
85.89792000 27.83458300 -0.00351380 0.02485488 0.62765000 -0.11336000 0.77020000
85.97792000 27.87208300 -0.09110971 0.05985457 0.62218000 -0.11273000 0.77471000
85.97792000 27.77041700 -0.10686624 0.03534252 0.61952000 -0.11241000 0.77689000
85.65875000 27.41458300 0.02433370 0.03707916 0.63982000 -0.11493000 0.75988000
85.56375000 27.54208300 0.19054465 0.03135526 0.64964000 -0.11597000 0.75135000
85.54792000 27.58041700 0.28845233 0.04281453 0.65148000 -0.11618000 0.74972000
85.54792000 27.60541700 0.41015802 0.03521447 0.65192000 -0.11620000 0.74933000
85.57958000 27.60541700 0.43231830 0.04763186 0.64934000 -0.11592000 0.75161000
85.57958000 27.58041700 0.31346701 0.04529823 0.64905000 -0.11591000 0.75186000
85.61125000 27.58041700 0.34245728 0.04029599 0.64655000 -0.11564000 0.75406000
85.61125000 27.60541700 0.46227359 0.04626001 0.64665000 -0.11562000 0.75397000
85.64292000 27.60541700 0.50904755 0.04905023 0.64407000 -0.11532000 0.75623000
85.64292000 27.58041700 0.38034818 0.04242655 0.64380000 -0.11531000 0.75645000
85.62708000 27.54208300 0.23471048 0.03482570 0.64471000 -0.11545000 0.75566000
85.54792000 27.63125000 0.54229273 0.05669967 0.65228000 -0.11622000 0.74901000
85.54792000 27.65625000 0.72130774 0.06823608 0.65270000 -0.11627000 0.74864000
85.57958000 27.65625000 0.76760431 0.05542090 0.64991000 -0.11593000 0.75112000
85.57958000 27.63125000 0.56064319 0.06911122 0.64967000 -0.11594000 0.75132000
85.54792000 27.68208300 0.86755011 0.05064375 0.65334000 -0.11635000 0.74807000
85.54792000 27.70708300 0.99724890 0.04270055 0.65332000 -0.11630000 0.74810000
85.57958000 27.70708300 1.03507764 0.03493454 0.65073000 -0.11599000 0.75040000
85.57958000 27.68208300 0.90322559 0.04921490 0.65049000 -0.11600000 0.75061000
85.62708000 27.69458300 0.99464319 0.06236580 0.64681000 -0.11558000 0.75385000
85.61125000 27.63125000 0.59868915 0.05838289 0.64697000 -0.11563000 0.75369000
85.61125000 27.65625000 0.79463373 0.07987366 0.64737000 -0.11565000 0.75335000
85.64292000 27.65625000 0.83165308 0.06029221 0.64487000 -0.11539000 0.75553000
85.64292000 27.63125000 0.69068359 0.07014928 0.64440000 -0.11534000 0.75594000
85.67542000 27.63125000 0.72486975 0.05593439 0.64211000 -0.11510000 0.75792000
85.67542000 27.65625000 0.89515558 0.02603295 0.64228000 -0.11510000 0.75778000
85.70708000 27.65625000 0.89802020 0.03025996 0.63963000 -0.11479000 0.76006000
85.70708000 27.63125000 0.80140198 0.03959310 0.63920000 -0.11473000 0.76044000
85.69125000 27.69458300 0.94448621 0.02691651 0.64152000 -0.11498000 0.75844000
85.73875000 27.68208300 0.89440131 0.04477623 0.63750000 -0.11452000 0.76190000
85.73875000 27.70708300 0.85313104 0.04281213 0.63816000 -0.11461000 0.76132000
85.77042000 27.70708300 0.68700488 0.06856058 0.63543000 -0.11429000 0.76366000
85.77042000 27.68208300 0.80928742 0.05186013 0.63520000 -0.11427000 0.76385000
85.75458000 27.64375000 0.83319147 0.03741145 0.63619000 -0.11443000 0.76300000
85.67542000 27.52958300 0.21296317 0.03435201 0.64059000 -0.11498000 0.75923000
85.67542000 27.55458300 0.31108524 0.04062189 0.64094000 -0.11499000 0.75893000
85.70708000 27.55458300 0.38310983 0.04809082 0.63853000 -0.11474000 0.76099000
85.70708000 27.52958300 0.25526749 0.03188665 0.63786000 -0.11466000 0.76157000
85.67542000 27.58041700 0.44420889 0.05719801 0.64106000 -0.11498000 0.75883000
85.67542000 27.60541700 0.60390088 0.05851573 0.64151000 -0.11503000 0.75844000
85.70708000 27.60541700 0.70039429 0.04041096 0.63887000 -0.11473000 0.76071000
85.70708000 27.58041700 0.51463306 0.05722744 0.63847000 -0.11470000 0.76105000
85.73875000 27.58041700 0.56924085 0.07135249 0.63579000 -0.11438000 0.76334000
85.73875000 27.60541700 0.71302081 0.03138332 0.63642000 -0.11444000 0.76280000
85.77042000 27.60541700 0.76051776 0.03286216 0.63404000 -0.11419000 0.76482000
85.77042000 27.58041700 0.56992346 0.04096675 0.63372000 -0.11416000 0.76509000
85.73875000 27.52958300 0.27378961 0.03153461 0.63552000 -0.11440000 0.76357000
85.73875000 27.55458300 0.41604147 0.05337864 0.63532000 -0.11433000 0.76374000
85.77042000 27.55458300 0.46725137 0.05547673 0.63287000 -0.11404000 0.76582000
85.77042000 27.52958300 0.32221939 0.04901451 0.63249000 -0.11401000 0.76613000
85.80292000 27.52958300 0.37502539 0.04834956 0.63002000 -0.11373000 0.76820000
85.80292000 27.55458300 0.52977100 0.05138596 0.63051000 -0.11377000 0.76780000
85.83458000 27.55458300 0.55690955 0.04620232 0.62759000 -0.11343000 0.77023000
85.83458000 27.52958300 0.40865710 0.04431878 0.62721000 -0.11340000 0.77055000
85.81875000 27.59291700 0.74777252 0.04955624 0.62985000 -0.11371000 0.76834000
85.88208000 27.59291700 0.67495837 0.04627920 0.62481000 -0.11312000 0.77254000
85.86625000 27.52958300 0.40123377 0.02005597 0.62495000 -0.11316000 0.77242000
85.86625000 27.55458300 0.56905603 0.05010343 0.62509000 -0.11313000 0.77231000
85.89792000 27.55458300 0.53456897 0.02762781 0.62277000 -0.11289000 0.77422000
85.89792000 27.52958300 0.44034216 0.04826249 0.62217000 -0.11282000 0.77471000
85.81875000 27.64375000 0.78986377 0.03207842 0.63108000 -0.11384000 0.76731000
85.80292000 27.68208300 0.72544470 0.06946540 0.63279000 -0.11400000 0.76588000
85.80292000 27.70708300 0.54702039 0.08599371 0.63288000 -0.11400000 0.76581000
85.83458000 27.70708300 0.44401477 0.05112464 0.63053000 -0.11374000 0.76779000
85.83458000 27.68208300 0.62521796 0.07413690 0.63026000 -0.11373000 0.76801000
85.86625000 27.68208300 0.50342279 0.07628189 0.62785000 -0.11346000 0.77002000
85.86625000 27.70708300 0.33365894 0.07963417 0.62781000 -0.11341000 0.77006000
85.89792000 27.70708300 0.21853937 0.04827407 0.62526000 -0.11310000 0.77218000
85.89792000 27.68208300 0.39226099 0.08406974 0.62503000 -0.11310000 0.77236000
85.86625000 27.63125000 0.74252075 0.01880147 0.62657000 -0.11329000 0.77108000
85.86625000 27.65625000 0.66947638 0.04219806 0.62712000 -0.11335000 0.77063000
85.89792000 27.65625000 0.56701501 0.05387798 0.62456000 -0.11306000 0.77275000
85.89792000 27.63125000 0.66609522 0.03716446 0.62381000 -0.11297000 0.77337000
85.93042000 27.63125000 0.58736334 0.03046447 0.62146000 -0.11270000 0.77530000
85.93042000 27.65625000 0.45329486 0.06865128 0.62183000 -0.11274000 0.77500000
85.96208000 27.65625000 0.34670355 0.06075842 0.61923000 -0.11243000 0.77712000
85.96208000 27.63125000 0.48818588 0.04741164 0.61896000 -0.11242000 0.77733000
85.93042000 27.68208300 0.27587503 0.06993195 0.62257000 -0.11283000 0.77438000
85.93042000 27.70708300 0.10042075 0.05916164 0.62288000 -0.11286000 0.77413000
85.96208000 27.70708300 0.02229079 0.04910692 0.62024000 -0.11254000 0.77629000
85.96208000 27.68208300 0.17888861 0.07282125 0.61944000 -0.11243000 0.77695000
86.00958000 27.69458300 -0.02464643 0.04653633 0.61586000 -0.11201000 0.77985000
85.99375000 27.63125000 0.37652014 0.04190478 0.61597000 -0.11201000 0.77977000
85.99375000 27.65541700 0.22206957 0.08120591 0.61644000 -0.11209000 0.77939000
86.02542000 27.65625000 0.11561610 0.06502868 0.61334000 -0.11169000 0.78188000
86.02542000 27.63125000 0.25254300 0.04585767 0.61286000 -0.11162000 0.78227000
85.94625000 27.54208300 0.45456018 0.06120732 0.61865000 -0.11241000 0.77759000
85.94625000 27.59291700 0.58485645 0.04741042 0.61951000 -0.11249000 0.77689000
86.00958000 27.59291700 0.42499564 0.06178304 0.61406000 -0.11182000 0.78130000
86.00958000 27.54208300 0.37115213 0.04219815 0.61337000 -0.11176000 0.78185000
85.85042000 27.36375000 0.01457036 0.01836153 0.62342000 -0.11303000 0.77368000
85.81875000 27.44041700 0.09679162 0.03757067 0.62687000 -0.11338000 0.77083000
85.81875000 27.49125000 0.21029871 0.06299125 0.62800000 -0.11352000 0.76989000
85.86625000 27.47875000 0.17293698 0.03825152 0.62431000 -0.11312000 0.77295000
85.86625000 27.50375000 0.31941974 0.04377953 0.62439000 -0.11309000 0.77289000
85.89792000 27.50375000 0.31857629 0.04110303 0.62183000 -0.11279000 0.77498000
85.89792000 27.47875000 0.19767909 0.04798445 0.62173000 -0.11281000 0.77506000
85.88208000 27.44041700 0.10560641 0.02665777 0.62191000 -0.11282000 0.77492000
85.94625000 27.44041700 0.10079942 0.04748239 0.61659000 -0.11218000 0.77925000
85.94625000 27.49125000 0.25403412 0.06813882 0.61732000 -0.11224000 0.77866000
85.99375000 27.47875000 0.20385919 0.02293627 0.61321000 -0.11174000 0.78198000
85.99375000 27.50375000 0.32061081 0.02220103 0.61345000 -0.11175000 0.78179000
86.02542000 27.50375000 0.28990436 0.02613331 0.61055000 -0.11137000 0.78411000
86.02542000 27.47875000 0.19105228 0.03267070 0.61052000 -0.11141000 0.78413000
86.00958000 27.44041700 0.09290562 0.03819766 0.61060000 -0.11140000 0.78406000
85.97792000 27.36375000 0.02368007 0.01968167 0.61173000 -0.11155000 0.78316000
85.16708000 26.90625000 -0.06414511 0.00888328 0.66953000 -0.11841000 0.73328000
85.41375000 26.86708300 -0.05673432 0.01039888 0.65006000 -0.11633000 0.75092000
85.14875000 27.00791700 -0.08007477 0.01099531 0.67236000 -0.11865000 0.73065000
85.14875000 27.21125000 -0.07511040 0.01420484 0.67533000 -0.11885000 0.72788000
85.40375000 27.21125000 -0.05886737 0.02440474 0.65645000 -0.11687000 0.74527000
85.40375000 27.00791700 -0.07147083 0.01198639 0.65304000 -0.11658000 0.74829000
85.65875000 27.00791700 -0.05274215 0.01417965 0.63258000 -0.11422000 0.76603000
85.65875000 27.21125000 -0.03758066 0.03170100 0.63604000 -0.11455000 0.76311000
85.91375000 27.21125000 -0.03153990 0.02469240 0.61466000 -0.11198000 0.78080000
85.91375000 27.00791700 -0.03268542 0.01423697 0.61091000 -0.11159000 0.78380000
85.66292000 26.83708300 -0.04018634 0.01171936 0.62935000 -0.11392000 0.76873000
85.91375000 26.80458300 -0.01019924 0.01544582 0.60718000 -0.11118000 0.78675000
84.24208000 28.21958300 0.08065339 0.01322062 0.74613000 -0.12380000 0.65419000
84.25125000 28.43375000 0.08864931 0.01878359 0.74967000 -0.12399000 0.65009000
84.38292000 28.43041700 0.08267290 0.01804700 0.74077000 -0.12333000 0.66034000
84.38292000 28.22708300 0.06533572 0.01157448 0.73790000 -0.12328000 0.66355000
84.38292000 28.83708300 0.06252535 0.02961642 0.74695000 -0.12350000 0.65332000
84.38292000 28.63291700 0.09795325 0.02636466 0.74393000 -0.12345000 0.65675000
84.63792000 28.63375000 0.08786758 0.02607452 0.72910000 -0.12254000 0.67335000
84.63708000 28.83875000 0.04876073 0.02464877 0.73194000 -0.12259000 0.67025000
84.89292000 28.83708300 0.03203822 0.02055096 0.71672000 -0.12159000 0.68668000
84.89292000 28.63375000 0.06768043 0.02454791 0.71413000 -0.12154000 0.68938000
84.63792000 28.22708300 0.04692738 0.02003352 0.72331000 -0.12236000 0.67960000
84.63792000 28.43041700 0.11076767 0.03473594 0.72592000 -0.12240000 0.67680000
84.89292000 28.43041700 0.05713776 0.03192672 0.70984000 -0.12120000 0.69385000
84.89292000 28.22708300 -0.04561387 0.06418030 0.70751000 -0.12118000 0.69624000
84.40375000 29.23708300 0.01576444 0.01016374 0.74946000 -0.12321000 0.65048000
84.38292000 29.03958300 0.01845287 0.01124231 0.74878000 -0.12338000 0.65123000
84.47208000 29.61541700 0.03427165 0.01301608 0.74975000 -0.12289000 0.65021000
84.43542000 29.42125000 0.03616290 0.00888013 0.74979000 -0.12307000 0.65013000
84.63792000 29.44625000 0.02986449 0.00970412 0.73892000 -0.12252000 0.66256000
84.63792000 29.64958300 0.01455225 0.02226108 0.74113000 -0.12245000 0.66010000
84.89292000 29.64958300 -0.00344355 0.01415769 0.72598000 -0.12155000 0.67689000
84.89292000 29.44625000 0.01653984 0.00799957 0.72363000 -0.12157000 0.67939000
84.63792000 29.03958300 0.00885363 0.01878615 0.73440000 -0.12260000 0.66755000
84.63792000 29.24291700 0.01030937 0.00853803 0.73636000 -0.12251000 0.66541000
84.89292000 29.24291700 -0.00170025 0.00780301 0.72131000 -0.12157000 0.68186000
84.89292000 29.03958300 -0.00104031 0.01331769 0.71920000 -0.12163000 0.68407000
85.14875000 29.03958300 -0.00695806 0.01009456 0.70269000 -0.12037000 0.70124000
85.14875000 29.24291700 -0.01806249 0.00749276 0.70528000 -0.12042000 0.69863000
85.40375000 29.24291700 -0.02601193 0.00749100 0.68814000 -0.11900000 0.71576000
85.40375000 29.03958300 -0.01358319 0.01108249 0.68552000 -0.11891000 0.71828000
85.14875000 29.44625000 -0.01444022 0.01198903 0.70773000 -0.12046000 0.69614000
85.14875000 29.64958300 -0.02658517 0.01949710 0.71049000 -0.12054000 0.69331000
85.40208000 29.62541700 -0.06277549 0.01540461 0.69374000 -0.11928000 0.71028000
85.40375000 29.44625000 -0.04227734 0.01155747 0.69117000 -0.11917000 0.71280000
85.65875000 29.44625000 -0.06554098 0.01776564 0.67309000 -0.11754000 0.73016000
85.65292000 29.58791700 -0.08311432 0.01268990 0.67575000 -0.11773000 0.72767000
85.89958000 29.55958300 -0.10354303 0.01056658 0.65712000 -0.11594000 0.74481000
85.91375000 29.44625000 -0.09427913 0.01637173 0.65420000 -0.11569000 0.74742000
85.65875000 29.03958300 -0.01708574 0.01170222 0.66707000 -0.11717000 0.73572000
85.65875000 29.24291700 -0.03977802 0.01254018 0.67009000 -0.11736000 0.73294000
85.91375000 29.24291700 -0.05844128 0.01566361 0.65074000 -0.11541000 0.75048000
85.91375000 29.03958300 -0.02040463 0.01690075 0.64758000 -0.11518000 0.75324000
85.03708000 28.13875000 -0.30359796 0.04769515 0.69634000 -0.12026000 0.70757000
85.03708000 28.16375000 -0.25774698 0.02435868 0.69703000 -0.12033000 0.70688000
85.06875000 28.16375000 -0.34356879 0.02976643 0.69501000 -0.12017000 0.70889000
85.06792000 28.13875000 -0.43405475 0.03785328 0.69513000 -0.12022000 0.70876000
85.05292000 28.20208300 -0.20455041 0.03704491 0.69695000 -0.12034000 0.70695000
85.11708000 28.20208300 -0.26713605 0.06110798 0.69242000 -0.11994000 0.71145000
85.11708000 28.15125000 -0.44707959 0.06992815 0.69193000 -0.11994000 0.71194000
85.05292000 28.25291700 -0.11031641 0.04405430 0.69828000 -0.12048000 0.70561000
85.05292000 28.30375000 -0.02321594 0.03867828 0.69934000 -0.12057000 0.70455000
85.11625000 28.30375000 -0.04605653 0.03161624 0.69524000 -0.12023000 0.70865000
85.11708000 28.25291700 -0.14430051 0.04475343 0.69417000 -0.12014000 0.70972000
85.18125000 28.25291700 -0.14226151 0.05124945 0.69028000 -0.11983000 0.71355000
85.18125000 28.30375000 -0.04757266 0.02714934 0.69074000 -0.11982000 0.71310000
85.24458000 28.30375000 -0.07906069 0.02922206 0.68585000 -0.11934000 0.71789000
85.24458000 28.25208300 -0.19127972 0.06243475 0.68525000 -0.11934000 0.71846000
85.18125000 28.15125000 -0.49021091 0.06172639 0.68790000 -0.11960000 0.71589000
85.18042000 28.20208300 -0.29558984 0.06791557 0.68913000 -0.11972000 0.71468000
85.24458000 28.20208300 -0.36152319 0.06902394 0.68455000 -0.11930000 0.71913000
85.24458000 28.15125000 -0.53639520 0.06295920 0.68337000 -0.11918000 0.72028000
85.14875000 28.43041700 0.04721091 0.03619035 0.69454000 -0.12008000 0.70936000
85.40375000 28.42958300 -0.00590906 0.03706982 0.67685000 -0.11846000 0.72653000
85.30875000 28.15125000 -0.55233960 0.04288127 0.67812000 -0.11863000 0.72531000
85.30875000 28.20208300 -0.38511740 0.06015941 0.67932000 -0.11875000 0.72417000
85.37208000 28.20208300 -0.38628131 0.05992008 0.67450000 -0.11826000 0.72874000
85.35625000 28.13875000 -0.64515735 0.03433413 0.67482000 -0.11833000 0.72843000
85.35542000 28.16458300 -0.53950940 0.02411600 0.67510000 -0.11833000 0.72818000
85.38792000 28.16375000 -0.51858063 0.02804800 0.67301000 -0.11815000 0.73014000
85.38792000 28.13875000 -0.67490790 0.03672327 0.67288000 -0.11817000 0.73025000
85.30875000 28.25291700 -0.22472893 0.05183151 0.68046000 -0.11886000 0.72308000
85.30875000 28.30375000 -0.10968472 0.02245927 0.68070000 -0.11881000 0.72286000
85.37208000 28.30375000 -0.10541035 0.03997145 0.67659000 -0.11845000 0.72677000
85.37208000 28.25291700 -0.23504738 0.06736079 0.67508000 -0.11828000 0.72821000
85.46875000 28.27708300 -0.15705341 0.06858646 0.66982000 -0.11785000 0.73311000
85.42042000 28.13875000 -0.64892950 0.03969508 0.67086000 -0.11799000 0.73213000
85.42042000 28.16375000 -0.52112390 0.03371524 0.67080000 -0.11794000 0.73220000
85.45208000 28.16375000 -0.52420422 0.03717595 0.66882000 -0.11778000 0.73404000
85.45208000 28.13875000 -0.61683142 0.03916689 0.66880000 -0.11781000 0.73405000
85.43625000 28.20208300 -0.37223523 0.06377778 0.67097000 -0.11799000 0.73204000
85.49958000 28.20208300 -0.33518930 0.06938776 0.66617000 -0.11749000 0.73649000
85.49958000 28.15125000 -0.53957385 0.05733682 0.66603000 -0.11755000 0.73660000
85.14875000 28.63375000 0.04879459 0.02171334 0.69764000 -0.12023000 0.70629000
85.14875000 28.83625000 0.01556176 0.02383116 0.70010000 -0.12030000 0.70383000
85.40375000 28.83708300 0.00131289 0.02098428 0.68287000 -0.11881000 0.72082000
85.40375000 28.63375000 0.02713168 0.01697480 0.68040000 -0.11873000 0.72316000
85.65875000 28.63375000 0.00974146 0.02496852 0.66110000 -0.11680000 0.74115000
85.65875000 28.83708300 0.00450011 0.02934393 0.66397000 -0.11696000 0.73855000
85.91375000 28.83708300 0.02292341 0.01616544 0.64459000 -0.11496000 0.75584000
85.91375000 28.63375000 0.01678192 0.01192825 0.64114000 -0.11465000 0.75881000
85.56375000 28.15125000 -0.51519983 0.04529697 0.66106000 -0.11705000 0.74115000
85.56375000 28.20208300 -0.35912036 0.04780080 0.66126000 -0.11700000 0.74098000
85.62708000 28.20208300 -0.37894861 0.04048452 0.65658000 -0.11651000 0.74520000
85.62708000 28.15041700 -0.48672751 0.02986802 0.65633000 -0.11655000 0.74541000
85.56375000 28.25291700 -0.25750705 0.04844268 0.66304000 -0.11722000 0.73935000
85.56375000 28.30458300 -0.13404450 0.04209165 0.66287000 -0.11711000 0.73952000
85.62708000 28.30291700 -0.18220999 0.04178917 0.65880000 -0.11674000 0.74321000
85.62625000 28.25291700 -0.27680994 0.04724562 0.65811000 -0.11669000 0.74382000
85.72292000 28.27875000 -0.23182260 0.06552708 0.65067000 -0.11586000 0.75046000
85.69125000 28.15125000 -0.47174884 0.03197960 0.65138000 -0.11602000 0.74983000
85.69125000 28.20208300 -0.38963767 0.03412037 0.65194000 -0.11604000 0.74934000
85.75458000 28.20125000 -0.34964340 0.04304153 0.64743000 -0.11559000 0.75331000
85.75458000 28.15041700 -0.31559885 0.05814327 0.64627000 -0.11546000 0.75433000
85.65875000 28.43041700 -0.05538837 0.05095274 0.65896000 -0.11674000 0.74306000
85.91458000 28.43041700 -0.04113496 0.04141906 0.63786000 -0.11440000 0.76161000
85.85042000 28.17708300 -0.26464542 0.04738065 0.63945000 -0.11471000 0.76023000
85.85125000 28.27791700 -0.17987164 0.04708278 0.64065000 -0.11479000 0.75921000
85.97792000 28.27791700 -0.09336842 0.02992751 0.63047000 -0.11364000 0.76785000
85.97792000 28.17625000 -0.14467752 0.04445065 0.62802000 -0.11334000 0.76990000
86.16958000 28.22708300 -0.03168562 0.03561775 0.61323000 -0.11160000 0.78198000
86.16958000 28.43041700 0.00878823 0.01906463 0.61665000 -0.11192000 0.77924000
86.42458000 28.43041700 0.04698751 0.01569908 0.59421000 -0.10915000 0.79686000
86.42458000 28.22708300 0.03232483 0.01980126 0.59056000 -0.10875000 0.79964000
86.16958000 28.63375000 0.03935973 0.01122874 0.62024000 -0.11227000 0.77633000
86.16958000 28.83708300 0.02867210 0.01670008 0.62361000 -0.11259000 0.77359000
86.42458000 28.83708300 0.03052971 0.02463420 0.60123000 -0.10988000 0.79149000
86.42458000 28.63375000 0.06300372 0.00778554 0.59756000 -0.10949000 0.79431000
86.67958000 28.63375000 0.07141848 0.01219591 0.57390000 -0.10643000 0.81198000
86.67958000 28.83708300 0.02555701 0.02606427 0.57819000 -0.10695000 0.80886000
86.93458000 28.83708300 0.02292695 0.02307754 0.55382000 -0.10370000 0.82615000
86.93458000 28.63375000 0.07799308 0.01271353 0.54895000 -0.10302000 0.82949000
86.67958000 28.22708300 0.05726984 0.01440862 0.56663000 -0.10558000 0.81718000
86.67958000 28.43041700 0.07097269 0.00930142 0.56999000 -0.10596000 0.81479000
86.93458000 28.43041700 0.08544594 0.00595547 0.54473000 -0.10246000 0.83233000
86.93458000 28.22708300 0.07447185 0.01424257 0.54070000 -0.10195000 0.83501000
86.16958000 29.03958300 -0.03563547 0.02662509 0.62719000 -0.11294000 0.77063000
86.16958000 29.24291700 -0.08437354 0.01551562 0.63054000 -0.11324000 0.76785000
86.42458000 29.24291700 -0.10239279 0.01631166 0.60925000 -0.11077000 0.78521000
86.42458000 29.03958300 -0.04098256 0.02615301 0.60539000 -0.11036000 0.78824000
86.16958000 29.44625000 -0.11144408 0.01101616 0.63387000 -0.11353000 0.76506000
86.42458000 29.44625000 -0.12258518 0.00899490 0.61279000 -0.11112000 0.78240000
86.64042000 29.43875000 -0.12799719 0.01167579 0.59316000 -0.10872000 0.79771000
86.67958000 29.03958300 -0.02792369 0.01877850 0.58226000 -0.10744000 0.80587000
86.60625000 29.27125000 -0.10547275 0.01902145 0.59309000 -0.10874000 0.79776000
86.92792000 29.00875000 -0.01805589 0.00897810 0.55775000 -0.10418000 0.82344000
87.19042000 29.03958300 -0.02587534 0.02419443 0.53212000 -0.10061000 0.84067000
87.23208000 29.23541700 -0.07534504 0.01284114 0.53158000 -0.10047000 0.84103000
87.44542000 29.24291700 -0.07715079 0.01248457 0.50937000 -0.09725000 0.85503000
87.44542000 29.03958300 -0.03609245 0.01863895 0.50473000 -0.09659000 0.85786000
87.26042000 29.36125000 -0.09542808 0.00908483 0.53139000 -0.10044000 0.84115000
87.35958000 29.34541700 -0.09492074 0.01116514 0.52061000 -0.09888000 0.84805000
87.70042000 29.03958300 -0.05481946 0.01684443 0.47565000 -0.09212000 0.87480000
87.70042000 29.24291700 -0.08215866 0.00777445 0.48052000 -0.09286000 0.87205000
87.95542000 29.24291700 -0.09504318 0.00846199 0.45122000 -0.08828000 0.88804000
87.95542000 29.03958300 -0.07502807 0.01568154 0.44589000 -0.08740000 0.89081000
87.19042000 28.22708300 0.05316266 0.01758174 0.51341000 -0.09794000 0.85254000
87.19042000 28.43041700 0.06954449 0.01537739 0.51792000 -0.09860000 0.84973000
87.44542000 28.43041700 0.03868433 0.01139264 0.49005000 -0.09440000 0.86657000
87.44542000 28.22708300 0.03296078 0.00985736 0.48527000 -0.09366000 0.86933000
87.19042000 28.63375000 0.06501364 0.01562415 0.52252000 -0.09924000 0.84683000
87.19042000 28.83708300 0.01802679 0.01733599 0.52731000 -0.09992000 0.84378000
87.44542000 28.83708300 0.00333442 0.01775925 0.50014000 -0.09591000 0.86062000
87.44542000 28.63375000 0.03541180 0.02005746 0.49475000 -0.09509000 0.86382000
87.70042000 28.63375000 -0.00294955 0.01515770 0.46567000 -0.09058000 0.88031000
87.70042000 28.83708300 -0.02568966 0.01401772 0.47145000 -0.09150000 0.87713000
87.94042000 28.83708300 -0.04292066 0.00962811 0.44230000 -0.08682000 0.89265000
87.90292000 28.63208300 -0.03162059 0.01024613 0.44118000 -0.08662000 0.89323000
87.70042000 28.22708300 0.01545955 0.01264690 0.45518000 -0.08889000 0.88595000
87.70042000 28.43041700 0.01012462 0.01949585 0.46037000 -0.08972000 0.88318000
87.86542000 28.44875000 -0.01056664 0.01003037 0.44076000 -0.08656000 0.89344000
87.83042000 28.29375000 -0.00157299 0.00548274 0.44091000 -0.08657000 0.89337000
86.16958000 26.80458300 0.01450112 0.01395711 0.58382000 -0.10812000 0.80465000
86.42458000 26.80458300 0.04369820 0.01983206 0.55922000 -0.10471000 0.82238000
86.53708000 26.70291700 0.06151056 0.00405141 0.54572000 -0.10281000 0.83164000
86.16958000 27.00791700 -0.01791114 0.01829520 0.58779000 -0.10857000 0.80169000
86.16958000 27.21125000 -0.01865069 0.01666422 0.59215000 -0.10913000 0.79841000
86.42458000 27.21125000 -0.01964655 0.01602911 0.56814000 -0.10589000 0.81609000
86.42458000 27.00791700 0.00314894 0.01743210 0.56366000 -0.10531000 0.81926000
86.67958000 27.00791700 0.00685490 0.02273826 0.53784000 -0.10162000 0.83690000
86.67958000 27.21125000 -0.02092548 0.01495201 0.54253000 -0.10227000 0.83379000
86.93458000 27.21125000 -0.02591746 0.01559865 0.51630000 -0.09844000 0.85073000
86.93458000 27.00791700 -0.00022704 0.01745122 0.51135000 -0.09769000 0.85381000
86.69042000 26.67708300 0.08481398 0.00872581 0.52927000 -0.10040000 0.84249000
86.67958000 26.80458300 0.05557352 0.02150312 0.53317000 -0.10093000 0.83997000
86.93458000 26.80458300 0.05732230 0.02408392 0.50567000 -0.09682000 0.85728000
86.93958000 26.64375000 0.08293327 0.00791002 0.50131000 -0.09614000 0.85991000
86.16958000 27.41458300 0.02398879 0.02507175 0.59632000 -0.10962000 0.79523000
86.07375000 27.54208300 0.27667645 0.06577473 0.60675000 -0.11089000 0.78712000
86.05792000 27.58041700 0.32927216 0.01900760 0.60927000 -0.11121000 0.78512000
86.05792000 27.60541700 0.25726935 0.04812684 0.60951000 -0.11123000 0.78493000
86.08958000 27.60541700 0.16042877 0.02990861 0.60678000 -0.11088000 0.78710000
86.08958000 27.58041700 0.23276338 0.04595603 0.60616000 -0.11081000 0.78759000
86.13792000 27.59291700 0.10457587 0.05424720 0.60264000 -0.11037000 0.79034000
86.13792000 27.54208300 0.15436546 0.02423503 0.60162000 -0.11027000 0.79114000
86.10542000 27.66875000 -0.03617176 0.05261102 0.60645000 -0.11081000 0.78736000
86.23375000 27.66875000 -0.02119987 0.01721482 0.59594000 -0.10953000 0.79552000
86.23375000 27.56708300 0.03435529 0.02664861 0.59372000 -0.10925000 0.79722000
86.42458000 27.61791700 -0.00814559 0.01712593 0.57681000 -0.10701000 0.80984000
86.42458000 27.41458300 -0.00873411 0.01819966 0.57311000 -0.10658000 0.81252000
86.16958000 27.82125000 -0.09238493 0.05862471 0.60474000 -0.11062000 0.78871000
86.16958000 28.02458300 -0.06571523 0.04766095 0.60887000 -0.11108000 0.78545000
86.42458000 28.02458300 0.02832658 0.02960744 0.58649000 -0.10827000 0.80268000
86.42458000 27.82125000 0.00424777 0.03207348 0.58279000 -0.10784000 0.80544000
86.67958000 27.82125000 0.02233572 0.02295003 0.55683000 -0.10424000 0.82406000
86.67958000 28.02458300 0.04736286 0.02448289 0.56208000 -0.10497000 0.82040000
86.93458000 28.02458300 0.05275886 0.02394012 0.53710000 -0.10149000 0.83739000
86.93458000 27.82208300 0.03606808 0.02374813 0.53183000 -0.10071000 0.84084000
86.67958000 27.41458300 -0.03690997 0.01299510 0.54682000 -0.10286000 0.83091000
86.67958000 27.61791700 -0.02128212 0.02209532 0.55216000 -0.10362000 0.82727000
86.93458000 27.61791700 -0.01974473 0.04077945 0.52619000 -0.09988000 0.84448000
86.93458000 27.41458300 -0.03463020 0.01935659 0.52095000 -0.09911000 0.84782000
87.19042000 27.41458300 -0.05518742 0.01238331 0.49209000 -0.09470000 0.86538000
87.19125000 27.61791700 -0.03431943 0.02843602 0.49743000 -0.09552000 0.86223000
87.44542000 27.61791700 -0.01929366 0.02760826 0.46828000 -0.09096000 0.87889000
87.44542000 27.41375000 -0.03136355 0.01780105 0.46389000 -0.09028000 0.88128000
87.19042000 27.82208300 0.01668457 0.04079874 0.50401000 -0.09655000 0.85828000
87.19042000 28.02458300 0.04318942 0.02261930 0.50893000 -0.09730000 0.85529000
87.44542000 28.02458300 0.02924435 0.02357016 0.47992000 -0.09283000 0.87239000
87.44542000 27.82125000 0.00460645 0.03364305 0.47421000 -0.09192000 0.87560000
87.70042000 27.82125000 0.04433833 0.01951598 0.44458000 -0.08716000 0.89149000
87.70042000 28.02458300 0.02983688 0.01276895 0.44981000 -0.08802000 0.88878000
87.69958000 27.41541700 -0.05285839 0.01698296 0.43175000 -0.08500000 0.89798000
87.68458000 27.61791700 -0.00407463 0.03956044 0.44064000 -0.08652000 0.89350000
87.19042000 26.60125000 0.08352751 0.00582646 0.47152000 -0.09149000 0.87710000
87.19042000 26.80458300 0.06372386 0.02072555 0.47664000 -0.09228000 0.87424000
87.44542000 26.80458300 0.06663156 0.01311106 0.44678000 -0.08747000 0.89036000
87.44542000 26.60125000 0.07509386 0.01006586 0.44080000 -0.08645000 0.89343000
87.18958000 27.00791700 -0.00335298 0.02236135 0.48200000 -0.09313000 0.87121000
87.19042000 27.21125000 -0.04216703 0.02027483 0.48706000 -0.09392000 0.86830000
87.44542000 27.21125000 -0.03037502 0.01840234 0.45797000 -0.08932000 0.88447000
87.44542000 27.00791700 0.01065426 0.02488219 0.45185000 -0.08830000 0.88771000
87.62542000 27.04041700 0.00932368 0.01877272 0.43060000 -0.08478000 0.89855000
87.66042000 27.24541700 -0.05112764 0.01560748 0.43205000 -0.08505000 0.89783000
87.57708000 26.88291700 0.04521532 0.00985926 0.43272000 -0.08516000 0.89750000
